Community Detection Results for student-delaunay_n10
============================================================

Algorithm: Louvain
Number of communities: 15
Modularity: 0.811489
Execution time: 0.029815 seconds
Parameters: {}

Community assignments:
Community 0: [65, 1, 300, 302, 303, 28, 4, 428, 429, 430, 431, 432, 66, 6, 68, 297, 298, 76, 294, 425, 27, 434, 435, 70, 273, 274, 261, 299, 301, 262, 264, 259, 67, 260, 265, 266, 268, 281, 282, 291, 69, 257, 258, 267, 270, 272, 275, 71, 106, 107, 284, 416, 75, 296, 277, 285, 417, 418, 108, 419, 420, 421, 109, 413, 423, 424, 110, 433, 263, 271, 280, 269, 278, 276, 279, 422, 426, 427]
Community 1: [243, 318, 16, 3, 948, 949, 954, 955, 956, 20, 5, 239, 961, 962, 240, 241, 323, 957, 319, 321, 322, 21, 960, 963, 964, 237, 22, 950, 245, 59, 247, 972, 978, 980, 317, 328, 952, 233, 968, 971, 973, 974, 236, 935, 951, 970, 958, 959, 242, 967, 256, 965, 976, 979, 244, 975, 246, 977, 982, 987, 248, 988, 989, 990, 985, 249, 999, 320, 934, 953, 969, 966, 986, 981, 984]
Community 2: [304, 306, 316, 335, 17, 338, 339, 365, 368, 80, 18, 312, 313, 330, 331, 74, 19, 292, 295, 310, 366, 73, 286, 88, 72, 283, 288, 289, 290, 350, 293, 309, 78, 77, 344, 347, 341, 348, 79, 329, 332, 340, 342, 345, 84, 83, 86, 343, 363, 85, 349, 351, 87, 352, 364, 105, 355, 357, 104, 354, 353, 287, 307, 308, 305, 311, 315, 346, 314, 337]
Community 3: [650, 2, 651, 652, 164, 13, 648, 661, 666, 667, 222, 14, 658, 659, 804, 813, 814, 819, 820, 877, 653, 42, 655, 656, 657, 660, 882, 166, 43, 805, 674, 58, 57, 224, 886, 922, 223, 888, 889, 668, 669, 670, 165, 671, 672, 800, 803, 221, 925, 881, 884, 885, 890, 645, 225, 646, 649, 905, 664, 662, 654, 663, 894, 895, 891, 892, 883, 816, 817, 818, 815, 879, 880, 875, 876, 878, 887, 893]
Community 4: [896, 81, 944, 945, 93, 325, 327, 336, 82, 911, 913, 946, 947, 94, 367, 369, 370, 371, 912, 906, 943, 228, 942, 324, 326, 333, 334, 910, 915, 903, 904, 900, 901, 909, 902, 907, 908, 914]
Community 5: [897, 898, 26, 7, 391, 398, 400, 388, 8, 390, 626, 627, 629, 25, 23, 379, 392, 393, 91, 24, 92, 372, 374, 375, 376, 377, 387, 640, 101, 620, 30, 621, 622, 623, 624, 625, 632, 39, 635, 636, 637, 683, 96, 40, 383, 384, 385, 386, 356, 100, 89, 358, 359, 360, 90, 361, 362, 394, 373, 95, 381, 382, 641, 899, 378, 98, 97, 99, 380, 103, 395, 397, 396, 102, 399, 401, 409, 412, 411, 414, 402, 117, 157, 156, 613, 617, 619, 628, 389, 160, 642, 643, 226, 638, 644, 415, 639, 410, 615, 618, 633, 634, 631, 630]
Community 6: [115, 9, 116, 471, 472, 473, 474, 475, 490, 436, 441, 442, 479, 31, 480, 610, 407, 438, 449, 493, 112, 111, 406, 408, 440, 444, 446, 114, 113, 454, 491, 455, 456, 483, 457, 118, 467, 469, 403, 468, 121, 478, 611, 612, 476, 477, 541, 540, 124, 481, 482, 484, 485, 404, 466, 470, 405, 463, 460, 445, 437, 439, 447, 443, 448, 450, 459, 451, 452, 453, 458, 462, 461, 464, 465, 487, 488, 489, 486, 496, 494, 495, 492, 497]
Community 7: [134, 10, 138, 532, 557, 559, 562, 542, 546, 33, 139, 140, 141, 561, 34, 551, 554, 560, 564, 572, 574, 119, 555, 556, 136, 120, 522, 533, 535, 536, 123, 122, 539, 543, 500, 501, 502, 537, 126, 125, 503, 504, 538, 127, 498, 506, 508, 130, 509, 511, 129, 128, 520, 521, 523, 524, 517, 519, 526, 507, 510, 131, 527, 528, 529, 530, 133, 132, 525, 531, 135, 534, 137, 563, 142, 143, 514, 499, 505, 512, 513, 518, 516, 515, 544]
Community 8: [45, 11, 52, 202, 739, 798, 219, 220, 809, 811, 812, 196, 187, 50, 776, 777, 782, 784, 204, 51, 823, 186, 200, 740, 745, 746, 185, 199, 741, 742, 781, 743, 744, 198, 197, 203, 779, 793, 794, 795, 796, 780, 201, 797, 799, 801, 807, 808, 206, 207, 824, 791, 205, 806, 810, 825, 826, 792, 822, 828, 830, 789, 208, 827, 829, 211, 209, 783, 785, 787, 786, 788, 790]
Community 9: [173, 12, 732, 733, 735, 747, 647, 665, 677, 581, 699, 689, 37, 695, 148, 38, 690, 168, 44, 673, 675, 46, 731, 736, 738, 802, 592, 685, 162, 687, 688, 686, 163, 678, 680, 183, 167, 737, 748, 169, 694, 676, 692, 693, 171, 170, 172, 679, 726, 184, 734, 684, 681, 682, 691]
Community 10: [821, 15, 832, 834, 835, 839, 842, 218, 41, 836, 837, 869, 54, 53, 214, 850, 1007, 1008, 1009, 55, 849, 852, 212, 847, 848, 213, 56, 215, 854, 855, 872, 873, 861, 862, 1005, 1001, 62, 1002, 1003, 1010, 255, 63, 1013, 1022, 1023, 1024, 252, 64, 253, 1011, 1014, 1015, 833, 210, 844, 831, 846, 853, 857, 874, 1012, 217, 856, 851, 216, 838, 860, 251, 1019, 254, 1021, 1020, 840, 841, 843, 845, 1006, 859, 858, 870, 983, 1018, 998, 1016, 1017]
Community 11: [151, 29, 152, 548, 549, 550, 605, 147, 32, 552, 567, 584, 558, 566, 545, 583, 586, 589, 158, 149, 600, 606, 607, 614, 150, 587, 604, 547, 609, 154, 153, 155, 608, 616, 161, 159, 596, 597, 598, 595, 553, 588, 568, 565, 591, 590, 602, 603, 594, 593, 599, 601]
Community 12: [35, 573, 576, 577, 146, 36, 582, 700, 698, 751, 570, 569, 144, 575, 578, 579, 580, 145, 571, 585, 713, 174, 714, 715, 716, 717, 176, 175, 696, 702, 710, 178, 703, 704, 701, 177, 705, 706, 707, 709, 719, 180, 179, 181, 749, 723, 750, 752, 182, 725, 727, 697, 728, 711, 712, 708, 718, 720, 729, 730, 724, 721, 722]
Community 13: [195, 47, 772, 773, 774, 775, 48, 760, 761, 778, 49, 758, 759, 191, 188, 755, 757, 763, 190, 189, 754, 756, 767, 753, 766, 194, 192, 764, 193, 765, 768, 769, 762, 770, 771]
Community 14: [61, 60, 232, 995, 996, 997, 1000, 1004, 230, 923, 921, 229, 227, 916, 920, 941, 238, 919, 924, 250, 231, 863, 931, 992, 993, 865, 868, 871, 235, 234, 933, 936, 937, 938, 932, 991, 994, 864, 866, 928, 867, 927, 918, 917, 926, 940, 930, 929, 939]

----------------------------------------

Algorithm: Greedy Modularity
Number of communities: 7
Modularity: 0.732923
Execution time: 0.128978 seconds
Parameters: {}

Community assignments:
Community 0: [1, 3, 5, 6, 16, 17, 18, 19, 20, 21, 22, 28, 59, 65, 66, 67, 68, 69, 70, 71, 72, 73, 74, 75, 76, 77, 78, 79, 80, 81, 82, 83, 84, 85, 86, 87, 88, 90, 91, 103, 104, 105, 106, 107, 227, 228, 229, 233, 234, 235, 236, 237, 238, 239, 240, 241, 242, 243, 244, 245, 246, 247, 256, 257, 258, 259, 260, 261, 262, 263, 264, 265, 266, 267, 268, 269, 270, 271, 272, 273, 274, 275, 276, 277, 278, 279, 280, 281, 282, 283, 284, 285, 286, 287, 288, 289, 290, 291, 292, 293, 294, 295, 296, 297, 298, 299, 300, 301, 302, 303, 304, 305, 306, 307, 308, 309, 310, 311, 312, 313, 314, 315, 316, 317, 318, 319, 320, 321, 322, 323, 324, 325, 326, 327, 328, 329, 330, 331, 332, 333, 334, 335, 336, 337, 338, 339, 340, 341, 342, 343, 344, 345, 346, 347, 348, 349, 350, 351, 352, 353, 354, 355, 356, 357, 358, 361, 362, 363, 364, 365, 366, 367, 368, 911, 913, 914, 916, 416, 929, 930, 931, 932, 933, 934, 935, 936, 937, 938, 939, 940, 941, 942, 943, 944, 945, 946, 947, 948, 949, 950, 951, 952, 953, 954, 955, 956, 957, 958, 959, 960, 961, 962, 963, 964, 965, 966, 967, 968, 969, 970, 971, 972, 973, 974, 975, 976, 977, 978, 979, 980, 982, 992]
Community 1: [512, 513, 514, 515, 516, 517, 518, 519, 520, 9, 521, 522, 523, 524, 525, 526, 527, 528, 10, 530, 529, 531, 533, 532, 535, 536, 537, 538, 534, 29, 540, 30, 32, 539, 541, 31, 545, 542, 550, 549, 548, 547, 552, 546, 553, 551, 554, 555, 556, 558, 557, 559, 560, 561, 562, 567, 565, 569, 563, 564, 571, 568, 573, 575, 576, 570, 577, 572, 579, 580, 578, 574, 582, 584, 585, 587, 588, 589, 605, 607, 608, 609, 610, 611, 612, 613, 102, 619, 620, 621, 622, 111, 624, 625, 623, 112, 113, 114, 115, 116, 117, 118, 119, 120, 121, 122, 123, 124, 125, 126, 127, 128, 129, 130, 131, 132, 133, 134, 135, 136, 137, 138, 139, 140, 144, 141, 142, 143, 145, 146, 150, 147, 151, 152, 153, 154, 155, 156, 157, 33, 543, 34, 35, 178, 544, 566, 389, 399, 400, 401, 402, 403, 404, 405, 406, 408, 409, 412, 443, 444, 445, 446, 447, 448, 449, 450, 451, 452, 453, 454, 455, 456, 457, 458, 459, 460, 461, 462, 463, 464, 465, 466, 467, 468, 469, 470, 471, 472, 473, 474, 475, 476, 477, 478, 479, 480, 481, 482, 483, 484, 485, 486, 487, 488, 489, 490, 491, 492, 493, 494, 495, 496, 497, 498, 499, 500, 501, 502, 503, 504, 505, 506, 507, 508, 509, 510, 511]
Community 2: [11, 14, 15, 41, 43, 45, 47, 48, 49, 50, 51, 52, 53, 54, 55, 56, 57, 58, 61, 658, 671, 165, 166, 185, 186, 187, 188, 189, 190, 191, 192, 193, 194, 195, 196, 197, 198, 199, 200, 201, 202, 203, 204, 205, 206, 207, 208, 209, 210, 211, 212, 213, 214, 215, 216, 217, 218, 219, 220, 221, 223, 224, 739, 740, 741, 230, 742, 743, 232, 744, 745, 746, 751, 752, 753, 754, 755, 756, 757, 758, 759, 760, 761, 762, 763, 764, 765, 766, 767, 768, 769, 770, 771, 772, 773, 774, 775, 776, 777, 778, 779, 780, 781, 782, 783, 784, 785, 786, 787, 788, 789, 790, 791, 792, 793, 794, 795, 796, 797, 798, 799, 800, 801, 803, 804, 805, 806, 807, 808, 809, 810, 811, 812, 813, 814, 815, 816, 817, 818, 819, 820, 821, 822, 823, 824, 825, 826, 827, 828, 829, 830, 831, 832, 833, 834, 835, 836, 837, 838, 839, 840, 841, 842, 843, 844, 845, 846, 847, 848, 849, 850, 851, 852, 853, 854, 855, 856, 857, 858, 859, 860, 861, 862, 868, 869, 870, 871, 872, 873, 874, 875, 876, 877, 878, 879, 880, 881, 883, 884, 885, 886, 921, 922, 923, 925, 1002, 1004, 1005, 1006, 1007, 1014]
Community 3: [2, 7, 8, 12, 13, 23, 24, 25, 26, 36, 37, 38, 39, 40, 42, 44, 46, 581, 583, 586, 590, 591, 592, 593, 594, 595, 596, 597, 598, 599, 600, 601, 602, 89, 604, 603, 92, 606, 93, 94, 95, 96, 97, 98, 99, 614, 100, 101, 615, 616, 617, 618, 626, 627, 628, 629, 630, 631, 632, 633, 634, 635, 636, 637, 638, 639, 640, 641, 642, 643, 644, 645, 646, 647, 648, 649, 650, 651, 652, 653, 654, 655, 656, 657, 659, 148, 660, 149, 661, 662, 663, 664, 665, 666, 667, 668, 669, 158, 670, 159, 672, 161, 673, 162, 676, 160, 674, 675, 679, 169, 173, 678, 171, 172, 168, 689, 688, 690, 691, 687, 693, 184, 695, 694, 698, 692, 700, 699, 726, 731, 732, 733, 734, 222, 735, 737, 736, 225, 738, 226, 747, 802, 163, 164, 677, 170, 680, 681, 359, 682, 360, 683, 369, 684, 882, 370, 371, 372, 685, 373, 376, 377, 379, 374, 686, 375, 889, 887, 888, 890, 378, 892, 380, 381, 891, 899, 901, 902, 903, 906, 905, 908, 893, 904, 382, 907, 909, 398, 894, 384, 385, 386, 912, 895, 915, 387, 896, 388, 897, 383, 898, 390, 391, 900, 392, 393, 394, 910]
Community 4: [1024, 1019, 250, 917, 918, 919, 920, 1022, 1023, 924, 926, 927, 928, 249, 253, 60, 62, 63, 64, 252, 981, 983, 984, 985, 986, 987, 988, 989, 990, 863, 864, 865, 866, 991, 867, 993, 994, 995, 996, 997, 998, 231, 999, 1000, 1001, 1003, 1008, 1009, 1010, 1011, 1012, 1013, 248, 1015, 1016, 1017, 1018, 251, 1020, 1021, 254, 255]
Community 5: [167, 174, 175, 176, 177, 179, 180, 181, 182, 183, 696, 697, 701, 702, 703, 704, 705, 706, 707, 708, 709, 710, 711, 712, 713, 714, 715, 716, 717, 718, 719, 720, 721, 722, 723, 724, 725, 727, 728, 729, 730, 748, 749, 750]
Community 6: [4, 395, 396, 397, 407, 410, 411, 27, 413, 414, 415, 417, 418, 419, 420, 421, 422, 423, 424, 425, 426, 427, 428, 429, 430, 431, 432, 433, 434, 435, 436, 437, 438, 439, 440, 441, 442, 108, 109, 110]

----------------------------------------

Algorithm: Label Propagation
Number of communities: 135
Modularity: 0.587622
Execution time: 0.010629 seconds
Parameters: {}

Community assignments:
Community 0: [65, 299, 301]
Community 1: [1, 75, 300, 76, 302, 303, 304, 306, 316]
Community 2: [960, 961, 962, 963, 964, 5, 965, 239, 242, 243, 21, 314, 956, 318, 959]
Community 3: [225, 2, 898, 642, 643, 645, 646, 226, 644, 650, 651, 652, 638]
Community 4: [896, 897, 899, 900, 901, 902, 907, 909, 910, 915]
Community 5: [323, 16, 240, 241, 949, 957, 958]
Community 6: [3, 966, 967, 969, 948, 950, 951, 953, 954, 955]
Community 7: [257, 69, 110, 431, 273, 28]
Community 8: [4, 421, 422, 428, 429, 430]
Community 9: [424, 425, 426, 427, 432, 433, 434, 435, 27]
Community 10: [320, 321, 322, 328, 20, 317, 319]
Community 11: [66, 291, 68, 6, 294, 264, 297, 298, 296, 279, 280, 281, 282, 284]
Community 12: [391, 7, 392, 398, 400, 26]
Community 13: [388, 390, 8, 626, 627, 629, 631, 157]
Community 14: [472, 457, 458, 115]
Community 15: [9, 467, 116, 470, 471, 474, 475]
Community 16: [481, 482, 483, 484, 485, 487, 488, 473, 124]
Community 17: [452, 453, 454, 455, 456, 490, 114]
Community 18: [33, 134, 135, 10, 138, 140, 557, 522, 559, 562, 532, 535]
Community 19: [739, 11, 45, 52, 186]
Community 20: [801, 202, 797]
Community 21: [740, 197, 198, 201, 203, 779, 793, 795, 798]
Community 22: [747, 12, 173, 183, 184, 732, 733, 734, 735]
Community 23: [164, 804, 659, 667, 669, 670]
Community 24: [647, 648, 649, 13, 661, 662, 663, 664]
Community 25: [680, 665, 163, 677]
Community 26: [672, 673, 674, 675, 802, 44, 46, 666, 668]
Community 27: [42, 653, 14, 655, 654, 657, 658, 660, 222]
Community 28: [817, 818, 820, 813]
Community 29: [805, 166, 807, 808, 809, 806, 43, 811, 812, 814, 206, 205, 810, 791, 824, 825, 826, 799]
Community 30: [832, 821, 15]
Community 31: [834, 836, 837, 869, 41, 875, 876, 877, 878, 815, 879, 819, 218, 925]
Community 32: [833, 835, 842, 843, 844, 846, 847, 210, 212]
Community 33: [840, 841, 839]
Community 34: [365, 335, 368, 17, 338, 339, 913, 367, 337]
Community 35: [329, 331, 79, 80, 345]
Community 36: [324, 325, 326, 327, 330, 332, 333, 81, 18, 312, 313]
Community 37: [293, 295, 74, 19, 309, 310, 346]
Community 38: [292, 77, 78, 344, 347, 350]
Community 39: [228, 237, 942, 911, 944, 945, 238, 22]
Community 40: [97, 98, 387, 99, 393, 377, 23, 375, 376, 25, 379]
Community 41: [363, 362, 91, 366]
Community 42: [24, 92, 374]
Community 43: [912, 369, 370, 371, 93, 94]
Community 44: [96, 372, 373, 378, 380, 381, 382, 95]
Community 45: [640, 385, 384, 386, 641, 160, 40, 383]
Community 46: [100, 101, 358, 359, 360, 357, 361, 394, 364, 103, 89, 90]
Community 47: [112, 436, 437, 438, 439, 440, 441, 446]
Community 48: [423, 109, 111, 407, 442]
Community 49: [70, 272, 274, 275, 276, 278]
Community 50: [608, 609, 547, 29, 149, 151, 152, 153, 154, 155, 605, 606, 607]
Community 51: [545, 34, 548, 551, 553, 558, 560, 564, 565, 566, 568]
Community 52: [549, 550, 587, 588, 589, 150]
Community 53: [156, 158, 597, 598, 600, 601, 613, 614, 615, 616, 617, 618, 619, 620, 621, 628, 633, 634, 635]
Community 54: [389, 622, 623, 624, 625, 30]
Community 55: [480, 610, 479, 121, 476, 477, 478, 31]
Community 56: [123, 500, 501, 502, 122, 539, 540, 541, 542, 543]
Community 57: [546, 554, 555, 556, 119]
Community 58: [32, 583, 584, 552, 146, 147, 567]
Community 59: [137, 139, 141, 142, 143, 144, 145, 35, 563, 569, 570, 571, 572, 573, 574, 575, 576, 577, 578, 579, 580, 582, 585]
Community 60: [129, 132, 517, 133, 523, 524, 525, 526, 561]
Community 61: [36, 37, 698, 699, 700]
Community 62: [581, 38, 592, 689, 690, 148]
Community 63: [711, 712, 713, 714, 727, 728, 697, 729, 181, 182, 695, 696, 725, 726, 730]
Community 64: [39, 630, 632, 637, 639]
Community 65: [681, 682, 683, 684, 685, 636, 159]
Community 66: [204, 207, 51, 822, 823, 219, 220]
Community 67: [656, 882, 891, 892, 894]
Community 68: [168, 169, 691, 692, 693, 694, 731]
Community 69: [736, 737, 738]
Community 70: [770, 195, 772, 773, 774, 775, 771, 47, 784, 50]
Community 71: [48, 760, 778]
Community 72: [777, 187, 196, 743]
Community 73: [192, 194, 49, 755, 758, 759, 761, 762, 763, 188]
Community 74: [179, 749, 751]
Community 75: [776, 781, 782, 742]
Community 76: [200, 185, 741, 199]
Community 77: [873, 845, 855, 848, 849, 852, 213, 54, 55, 56, 854, 853]
Community 78: [64, 1008, 1009, 850, 1010, 1011, 53, 214, 1014, 1012, 252, 62]
Community 79: [1002, 1005, 1006, 1007, 851, 216, 862]
Community 80: [838, 872, 215, 856, 217]
Community 81: [903, 904, 905, 887, 888, 889, 58, 893, 890, 895]
Community 82: [224, 921, 230, 920, 57, 922, 221]
Community 83: [816, 881, 880, 883, 884, 885, 886, 223]
Community 84: [934, 59, 972, 974, 975, 976, 977, 978, 979, 980, 981, 984, 985, 986, 987, 988, 990, 244, 245, 246, 247, 248]
Community 85: [997, 1004, 60, 61]
Community 86: [864, 865, 867, 868, 870, 871, 232, 858, 923, 860]
Community 87: [994, 995, 996]
Community 88: [999, 1000, 249, 989, 991]
Community 89: [857, 874, 859, 861]
Community 90: [1024, 256, 255, 1019, 1001, 251, 1021, 254, 1013, 982, 1015, 1017, 1018, 1023, 1020, 253, 1022, 63]
Community 91: [1016, 1003, 998, 983]
Community 92: [258, 67, 259, 260, 261, 262, 263, 265, 266, 267, 268, 269, 270, 271]
Community 93: [289, 290, 71, 72, 73, 106, 283, 286, 287]
Community 94: [417, 418, 419, 420, 107, 108, 277, 285]
Community 95: [353, 354, 355, 356, 104, 105]
Community 96: [416, 410, 413, 414, 415]
Community 97: [288, 352, 83, 86, 343, 88, 87, 351]
Community 98: [349, 348, 341]
Community 99: [340, 85, 342, 84]
Community 100: [334, 336, 946, 82, 947]
Community 101: [395, 396, 397, 411, 412]
Community 102: [102, 399, 401, 402, 409]
Community 103: [448, 449, 450, 451, 459, 443, 444, 445, 447]
Community 104: [514, 486, 489, 491, 492, 493, 494, 495, 496, 113, 498, 497, 499, 505, 506, 507, 510]
Community 105: [408, 404, 405, 406]
Community 106: [611, 612, 469, 118]
Community 107: [403, 468, 117]
Community 108: [128, 136, 520, 521, 503, 536, 537, 538, 120]
Community 109: [544, 533, 534]
Community 110: [504, 125, 126]
Community 111: [130, 508, 509, 127]
Community 112: [512, 513, 515, 516, 518, 519, 511]
Community 113: [131, 527, 528, 529, 530, 531]
Community 114: [586, 590, 591, 602, 603, 604]
Community 115: [161, 162, 679, 172, 686, 687, 688]
Community 116: [593, 594, 595, 596, 599]
Community 117: [170, 171, 676, 678]
Community 118: [800, 803, 165, 671]
Community 119: [167, 744, 745, 746, 748]
Community 120: [716, 717, 174, 750, 722, 723, 180, 724]
Community 121: [707, 708, 710, 715, 175, 177, 701, 702]
Community 122: [704, 705, 706, 176, 178, 703]
Community 123: [709, 718, 719, 752, 753, 754, 720, 721, 189, 190]
Community 124: [191, 756, 757, 765, 766, 767]
Community 125: [768, 193, 764, 769]
Community 126: [780, 783, 785, 786, 787, 788, 789, 790, 792, 794, 796, 827, 828, 829, 830, 831, 208, 209, 211]
Community 127: [227, 229, 906, 908, 943, 914, 916]
Community 128: [938, 939, 940, 941]
Community 129: [928, 866, 917, 918, 919, 924, 926, 927]
Community 130: [992, 993, 930, 931, 932, 929, 231, 250, 863]
Community 131: [935, 968, 233, 970, 971, 236, 973, 952]
Community 132: [933, 936, 937, 234, 235]
Community 133: [305, 307, 308, 311, 315]
Community 134: [460, 461, 462, 463, 464, 465, 466]

----------------------------------------

Algorithm: Genetic Algorithm (modularity)
Number of communities: 81
Modularity: 0.018212
Execution time: 80.918175 seconds
Parameters: {'population_size': 150, 'generations': 300, 'mutation_rate': 0.1, 'crossover_rate': 0.8, 'fitness_function': 'modularity'}

Community assignments:
Community 0: [65, 7, 398, 559, 622, 560, 848, 289, 97, 108, 185, 755, 201, 874, 216, 933, 248, 990, 495, 544, 662, 786, 903, 908]
Community 1: [1, 532, 819, 439]
Community 2: [243, 813, 393, 36, 148, 48, 358, 539, 521, 519, 606, 157, 803, 801, 205, 965, 307, 515, 593, 981]
Community 3: [300, 302, 5, 80, 960, 261, 347, 348, 285, 517, 145, 154, 616, 172, 726, 192, 863, 958, 989, 460, 452, 496, 615, 917]
Community 4: [303, 304, 1005, 293, 477, 547, 167, 714, 727, 767, 838, 230, 943, 880]
Community 5: [306, 52, 667, 365, 480, 760, 947, 89, 411, 136, 126, 671, 236, 976, 461, 859, 928]
Community 6: [316, 32, 772, 264, 73, 106, 269, 437, 664]
Community 7: [318, 15, 109, 125, 600, 178, 271]
Community 8: [650, 2, 961, 835, 436, 30, 479, 44, 674, 77, 381, 417, 423, 120, 586, 643, 763, 765, 951, 910, 458]
Community 9: [651, 647, 312, 92, 574, 836, 882, 861, 741, 857, 234, 985, 999, 405, 603]
Community 10: [652, 956, 471, 739, 59, 794, 931, 246, 466, 459, 462, 512, 518, 654, 691]
Community 11: [896, 428, 677, 69, 79, 349, 395, 163, 183, 346, 568]
Community 12: [897, 313, 567, 822]
Community 13: [898, 16, 4, 321, 964, 945, 23, 379, 377, 274, 700, 37, 653, 85, 370, 717, 242, 718, 879]
Community 14: [3, 472, 294, 22, 34, 695, 837, 758, 777, 60, 317, 277, 119, 127, 508, 509, 597, 188, 795, 207, 791, 681]
Community 15: [948, 429, 310, 963, 550, 102, 403, 481, 596, 967, 279, 817, 926, 929]
Community 16: [949, 202, 50, 123, 642, 162, 713, 994]
Community 17: [954, 390, 116, 91, 624, 632, 660, 299, 329, 409, 111, 522, 533, 153, 389, 669, 745, 703, 181, 182, 824, 829, 211, 844, 226, 280, 720, 1018]
Community 18: [955, 962, 220, 1004, 327, 99, 523, 587, 608, 619, 710, 180, 753, 203, 827, 1019, 553, 682]
Community 19: [28, 659, 152, 573, 49, 301, 258, 350, 371, 449, 743, 808, 792, 851, 256, 448, 630]
Community 20: [430, 802, 340, 412, 534, 609, 734, 514, 768, 830, 210, 959, 254, 410, 900]
Community 21: [431, 68, 273, 972, 253, 899, 757, 919, 415]
Community 22: [432, 319, 582, 637, 386, 42, 655, 656, 675, 776, 78, 86, 433, 555, 510, 614, 706, 707, 206, 936, 991, 447, 998]
Community 23: [20, 804, 338, 564, 200, 213, 61, 62, 272, 454, 799, 221]
Community 24: [239, 173, 14, 620, 218, 805, 168, 673, 888, 862, 268, 401, 526, 143, 575, 687, 686, 233, 334, 867, 904, 902, 984]
Community 25: [66, 146, 262, 291, 694, 465]
Community 26: [6, 950, 610, 43, 56, 325, 354, 455, 535, 506, 715, 701, 895, 708]
Community 27: [297, 733, 944, 869, 1007, 416, 336, 87, 585, 604, 160, 169, 191, 217, 320, 464, 489, 721]
Community 28: [298, 391, 474, 292, 812, 873, 107, 283, 402, 676, 601, 858]
Community 29: [26, 368, 27, 219, 1003, 255, 270, 275, 913, 355, 150, 692, 591, 939]
Community 30: [400, 323, 76, 215, 296, 360, 399, 413, 541, 124, 308, 594, 618, 887]
Community 31: [388, 19, 322, 549, 542, 699, 356, 341, 419, 421, 122, 500, 130, 563, 589, 679, 175, 645, 646, 1020, 443, 602, 790, 966]
Community 32: [8, 666, 33, 978, 744, 766, 1012, 885, 941, 952, 934]
Community 33: [626, 957, 331, 566, 759, 204, 51, 247, 90, 468, 484, 170, 769, 921, 916, 977, 251, 787]
Community 34: [627, 414, 128, 833, 644, 590]
Community 35: [629, 778, 67, 71, 367, 531, 668, 924]
Community 36: [115, 557, 872, 1015, 265, 281, 105, 100, 912, 444, 672, 197, 923, 684, 905, 865, 639, 783]
Community 37: [9, 475, 376, 384, 53, 997, 94, 369, 378, 98, 420, 424, 144, 571, 685, 184, 762, 920, 992, 634, 815]
Community 38: [473, 658, 832, 335, 295, 809, 47, 773, 751, 1023, 288, 328, 641, 396, 418, 118, 536, 501, 503, 142, 578, 159, 756, 797, 806, 938, 975, 287]
Community 39: [490, 339, 577, 774, 245, 1010, 72, 82, 83, 343, 351, 394, 353, 114, 491, 483, 502, 511, 527, 132, 592, 617, 915, 487, 883, 864, 909]
Community 40: [134, 11, 798, 141, 383, 46, 1009, 259, 469, 611, 525, 749, 238, 871, 333, 631, 728, 724, 930]
Community 41: [10, 732, 74, 40, 166, 364, 696, 742, 189, 754, 194, 807, 810, 825, 311, 445, 505, 712]
Community 42: [138, 366, 820, 775, 855, 357, 457, 135, 149, 231, 894]
Community 43: [562, 548, 854, 63, 1013, 260, 88, 345, 156, 613, 595, 971, 771, 875, 878, 918]
Community 44: [45, 164, 240, 25, 640, 442, 605, 139, 572, 385, 886, 267, 104, 408, 537, 580, 709, 719, 752, 770, 828, 818, 914, 953]
Community 45: [12, 665, 839, 842, 352, 467, 524, 131, 856, 229, 942, 968, 892, 983]
Community 46: [735, 330, 425, 561, 187, 847, 103, 528, 800, 746, 244, 932, 588]
Community 47: [747, 387, 29, 266, 158, 781, 925]
Community 48: [13, 392, 35, 252, 1014, 579, 678, 179, 305, 314, 337, 893]
Community 49: [648, 661, 222, 529, 750, 193]
Community 50: [814, 834, 18, 24, 434, 554, 39, 186, 850, 75, 946, 84, 363, 456, 540, 520, 607, 826, 973, 426, 891]
Community 51: [821, 70, 996, 1024, 380, 225, 860, 868, 497]
Community 52: [241, 737, 453]
Community 53: [17, 625, 635, 195, 397, 112, 680, 492, 841]
Community 54: [81, 147, 690, 811, 58, 57, 224, 286, 693, 725, 853, 937, 970, 982, 278, 470]
Community 55: [21, 151, 38, 877, 54, 922, 232, 113, 476, 174, 711, 785, 843]
Community 56: [237, 576, 823, 889, 598, 638, 974, 988, 488, 940]
Community 57: [93, 657, 1000, 309, 121, 543, 570, 704, 789, 208, 987, 788, 969]
Community 58: [372, 177, 816]
Community 59: [374, 362, 545, 129, 530, 165, 890, 993, 1006]
Community 60: [375, 782, 784, 214, 1011, 359, 373, 446, 716, 705, 831, 599, 730]
Community 61: [101, 621, 683, 190, 499, 840]
Community 62: [435, 485, 504, 161, 846, 250, 326, 451, 486, 986]
Community 63: [441, 793, 796, 249, 315, 516, 845, 901]
Community 64: [623, 342, 406, 723, 764, 1021, 404, 513, 1017]
Community 65: [31, 117, 583, 176, 450, 565, 866, 876]
Community 66: [546, 140, 698, 911, 110, 935, 729]
Community 67: [552, 731, 738, 95, 382, 478]
Community 68: [584, 344, 612, 155]
Community 69: [551, 1008, 1002, 1022, 361, 235, 927]
Community 70: [558, 689, 636, 1001, 257, 284, 881, 979, 494]
Community 71: [581, 995, 290, 780, 227, 263, 663]
Community 72: [96, 223, 407, 482, 199, 276, 697]
Community 73: [41, 438, 493, 440, 556, 538, 507, 133, 628, 670, 171, 884, 463, 422, 722]
Community 74: [736, 332, 748, 198, 906]
Community 75: [196, 740, 779]
Community 76: [761, 55, 688, 702, 427]
Community 77: [849, 852, 212, 980, 64, 282, 498, 137, 569, 649, 228]
Community 78: [209, 870]
Community 79: [324]
Community 80: [633, 907, 1016]

----------------------------------------

