Community Detection Results for student-brock200-1
============================================================

Algorithm: Louvain
Number of communities: 5
Modularity: 0.027822
Execution time: 0.046929 seconds
Parameters: {}

Community assignments:
Community 0: [3, 5, 12, 14, 22, 23, 24, 28, 33, 35, 37, 38, 41, 45, 47, 53, 54, 64, 68, 71, 72, 93, 107, 120, 121, 130, 140, 142, 147, 150, 151, 155, 167, 173, 177, 187, 191, 197]
Community 1: [2, 1, 7, 13, 15, 19, 27, 30, 40, 42, 51, 56, 60, 63, 74, 86, 88, 96, 98, 99, 101, 104, 105, 106, 108, 126, 133, 154, 160, 161, 162, 172, 174, 186, 188, 189, 198]
Community 2: [4, 6, 8, 11, 16, 17, 29, 43, 46, 49, 66, 67, 70, 73, 76, 83, 84, 85, 87, 110, 111, 115, 117, 122, 125, 132, 134, 136, 144, 156, 163, 169, 176, 180, 185, 195, 196]
Community 3: [9, 10, 18, 20, 21, 26, 31, 32, 39, 52, 57, 59, 65, 89, 92, 94, 95, 103, 109, 112, 118, 123, 127, 135, 137, 141, 146, 148, 153, 166, 170, 175, 182, 183, 190, 193, 194, 199]
Community 4: [25, 34, 36, 44, 48, 50, 55, 58, 61, 62, 69, 75, 77, 78, 79, 80, 81, 82, 90, 91, 97, 100, 102, 113, 114, 116, 119, 124, 128, 129, 131, 138, 139, 143, 145, 149, 152, 157, 158, 159, 164, 165, 168, 171, 178, 179, 181, 184, 192, 200]

----------------------------------------

Algorithm: Greedy Modularity
Number of communities: 2
Modularity: 0.023672
Execution time: 0.131368 seconds
Parameters: {}

Community assignments:
Community 0: [1, 2, 5, 9, 10, 12, 13, 14, 15, 16, 18, 20, 24, 25, 26, 28, 30, 31, 32, 35, 36, 37, 40, 42, 43, 46, 48, 50, 56, 58, 62, 65, 66, 67, 69, 70, 71, 73, 75, 76, 77, 79, 81, 82, 85, 87, 89, 92, 93, 96, 97, 98, 100, 102, 103, 105, 108, 109, 112, 114, 116, 117, 119, 120, 123, 124, 125, 128, 129, 130, 132, 134, 135, 137, 138, 139, 140, 141, 142, 143, 144, 147, 148, 152, 155, 158, 159, 162, 163, 165, 168, 172, 175, 177, 178, 180, 181, 186, 188, 190, 191, 198]
Community 1: [3, 4, 6, 7, 8, 11, 17, 19, 21, 22, 23, 27, 29, 33, 34, 38, 39, 41, 44, 45, 47, 49, 51, 52, 53, 54, 55, 57, 59, 60, 61, 63, 64, 68, 72, 74, 78, 80, 83, 84, 86, 88, 90, 91, 94, 95, 99, 101, 104, 106, 107, 110, 111, 113, 115, 118, 121, 122, 126, 127, 131, 133, 136, 145, 146, 149, 150, 151, 153, 154, 156, 157, 160, 161, 164, 166, 167, 169, 170, 171, 173, 174, 176, 179, 182, 183, 184, 185, 187, 189, 192, 193, 194, 195, 196, 197, 199, 200]

----------------------------------------

Algorithm: Label Propagation
Number of communities: 1
Modularity: 0.000000
Execution time: 0.004464 seconds
Parameters: {}

Community assignments:
Community 0: [1, 2, 3, 4, 5, 6, 7, 8, 9, 10, 11, 12, 13, 14, 15, 16, 17, 18, 19, 20, 21, 22, 23, 24, 25, 26, 27, 28, 29, 30, 31, 32, 33, 34, 35, 36, 37, 38, 39, 40, 41, 42, 43, 44, 45, 46, 47, 48, 49, 50, 51, 52, 53, 54, 55, 56, 57, 58, 59, 60, 61, 62, 63, 64, 65, 66, 67, 68, 69, 70, 71, 72, 73, 74, 75, 76, 77, 78, 79, 80, 81, 82, 83, 84, 85, 86, 87, 88, 89, 90, 91, 92, 93, 94, 95, 96, 97, 98, 99, 100, 101, 102, 103, 104, 105, 106, 107, 108, 109, 110, 111, 112, 113, 114, 115, 116, 117, 118, 119, 120, 121, 122, 123, 124, 125, 126, 127, 128, 129, 130, 131, 132, 133, 134, 135, 136, 137, 138, 139, 140, 141, 142, 143, 144, 145, 146, 147, 148, 149, 150, 151, 152, 153, 154, 155, 156, 157, 158, 159, 160, 161, 162, 163, 164, 165, 166, 167, 168, 169, 170, 171, 172, 173, 174, 175, 176, 177, 178, 179, 180, 181, 182, 183, 184, 185, 186, 187, 188, 189, 190, 191, 192, 193, 194, 195, 196, 197, 198, 199, 200]

----------------------------------------

Algorithm: Genetic Algorithm (modularity)
Number of communities: 25
Modularity: -0.000035
Execution time: 136.541038 seconds
Parameters: {'population_size': 150, 'generations': 300, 'mutation_rate': 0.1, 'crossover_rate': 0.8, 'fitness_function': 'modularity'}

Community assignments:
Community 0: [3, 80, 88, 91, 95, 102, 106, 112, 132, 160, 164, 179, 199]
Community 1: [2, 52, 58, 70, 139, 159]
Community 2: [4, 16, 42, 60, 62, 76, 124, 125, 158, 183, 185]
Community 3: [5, 23, 26, 32, 54, 57, 89, 131, 177, 191]
Community 4: [1, 12, 15, 36, 38, 46, 48, 50, 90, 109, 119, 127, 128, 142, 147, 180]
Community 5: [6, 17, 25, 59, 114, 197, 200]
Community 6: [7, 78, 83, 107, 129, 135, 137, 149, 172, 182, 184, 187, 192]
Community 7: [8, 72, 96, 121, 136, 196]
Community 8: [9, 14, 29, 85, 150, 156, 181]
Community 9: [10, 31, 98, 113, 120, 165, 189]
Community 10: [11, 28, 71, 161]
Community 11: [13, 19, 27, 33, 82, 104, 138]
Community 12: [18, 20, 22, 45, 49, 68, 73, 86, 99, 123, 163, 186, 195, 198]
Community 13: [21, 24, 41, 75, 103, 105, 154, 162, 169]
Community 14: [30, 63, 74, 87, 93, 130]
Community 15: [34, 35, 39, 53, 81, 92, 146, 178, 188]
Community 16: [37, 44, 51, 101, 110, 115, 122, 143, 175]
Community 17: [40, 56, 126, 141, 166, 171]
Community 18: [43, 61, 64, 65, 79, 116, 118, 145, 155, 174, 176, 194]
Community 19: [47, 94, 108, 111, 133, 168, 170, 173, 190]
Community 20: [55, 84, 140, 148, 152, 153, 157, 193]
Community 21: [66, 167]
Community 22: [67, 97, 134, 144]
Community 23: [69, 77]
Community 24: [100, 117, 151]

----------------------------------------

Algorithm: Genetic Algorithm (conductance)
Number of communities: 20
Modularity: -0.001475
Execution time: 668.113472 seconds
Parameters: {'population_size': 150, 'generations': 300, 'mutation_rate': 0.1, 'crossover_rate': 0.8, 'fitness_function': 'conductance'}

Community assignments:
Community 0: [3, 14, 18, 30, 57, 63, 65, 114, 147, 197]
Community 1: [2, 20, 27, 91, 92, 100, 136, 138, 169, 170]
Community 2: [4, 5, 9, 37, 90, 126, 168]
Community 3: [1, 13, 24, 35, 44, 46, 62, 69, 107, 120, 135, 199]
Community 4: [6, 22, 98, 103, 105, 111, 144, 146, 187, 192]
Community 5: [7, 17, 52, 84, 123, 131, 132, 193]
Community 6: [8, 11, 58, 64, 67, 122, 163, 171, 196]
Community 7: [10, 45, 49, 53, 80, 88, 112, 118, 137, 164, 186, 200]
Community 8: [12, 15, 19, 25, 43, 54, 86, 130, 143, 150, 157, 182, 189, 198]
Community 9: [16, 26, 38, 51, 60, 95, 96, 128, 162, 188, 194]
Community 10: [21, 29, 75, 115, 124, 148, 154, 175, 185]
Community 11: [23, 28, 41, 56, 74, 81, 99, 104, 108, 116, 155, 174, 183, 195]
Community 12: [31, 110, 121, 127, 151, 172, 180, 181]
Community 13: [32, 55, 76, 85, 102, 113, 165, 191]
Community 14: [33, 42, 47, 72, 89, 93, 97, 101, 140, 141, 142, 149, 152, 159, 176, 178, 179, 184]
Community 15: [34, 48, 73, 87, 117, 145, 160, 167]
Community 16: [36, 40, 50, 66, 71, 77, 94, 109, 119, 134, 139, 158, 166]
Community 17: [39, 61, 83, 106, 125, 161, 177]
Community 18: [59, 68, 70, 78, 79, 129, 133, 156]
Community 19: [82, 153, 173, 190]

----------------------------------------

